mono pinhole calibration...
D = [-0.017249472907421105, 8.254582846429841, 0.00250152923205293, 0.008929915906474092, 0.0]
K = [10174.905551509722, 0.0, 1408.7232694434497, 0.0, 10159.631196105953, 1018.407685062011, 0.0, 0.0, 1.0]
R = [1.0, 0.0, 0.0, 0.0, 1.0, 0.0, 0.0, 0.0, 1.0]
P = [10217.6005859375, 0.0, 1410.831681476091, 0.0, 0.0, 10204.3046875, 1018.9630676335655, 0.0, 0.0, 0.0, 1.0, 0.0]
None
# oST version 5.0 parameters


[image]

width
2448

height
2048

[narrow_stereo]

camera matrix
10174.905552 0.000000 1408.723269
0.000000 10159.631196 1018.407685
0.000000 0.000000 1.000000

distortion
-0.017249 8.254583 0.002502 0.008930 0.000000

rectification
1.000000 0.000000 0.000000
0.000000 1.000000 0.000000
0.000000 0.000000 1.000000

projection
10217.600586 0.000000 1410.831681 0.000000
0.000000 10204.304688 1018.963068 0.000000
0.000000 0.000000 1.000000 0.000000

('Wrote calibration data to', '/tmp/calibrationdata.tar.gz')
('Wrote calibration data to', '/tmp/calibrationdata.tar.gz')