mono pinhole calibration...
D = [0.11538985411698945, 3.556332427739152, 0.00353918738563063, 0.008989348173495308, 0.0]
K = [10013.414548913099, 0.0, 1374.8600120792591, 0.0, 9973.55643763389, 1083.3530966264282, 0.0, 0.0, 1.0]
R = [1.0, 0.0, 0.0, 0.0, 1.0, 0.0, 0.0, 0.0, 1.0]
P = [10058.7021484375, 0.0, 1377.7652991038776, 0.0, 0.0, 10028.5283203125, 1083.9821900915922, 0.0, 0.0, 0.0, 1.0, 0.0]
None
# oST version 5.0 parameters


[image]

width
2448

height
2048

[narrow_stereo]

camera matrix
10013.414549 0.000000 1374.860012
0.000000 9973.556438 1083.353097
0.000000 0.000000 1.000000

distortion
0.115390 3.556332 0.003539 0.008989 0.000000

rectification
1.000000 0.000000 0.000000
0.000000 1.000000 0.000000
0.000000 0.000000 1.000000

projection
10058.702148 0.000000 1377.765299 0.000000
0.000000 10028.528320 1083.982190 0.000000
0.000000 0.000000 1.000000 0.000000